*******************************************************************************************************
Z     A     E(GeV)     Theta(deg)     Energy Loss(GeV)     Sigma(nb/sr/GeV)     ERROR     Citation     
*******************************************************************************************************
6     12     0.62          81             0.0031              0                     0
6     12     0.62          81             0.0093              0                     0
6     12     0.62          81             0.0155              0                     0
6     12     0.62          81             0.0217              0                     0
6     12     0.62          81             0.0279              0                     0
6     12     0.62          81             0.0341              0                     0
6     12     0.62          81             0.0403              0                     0
6     12     0.62          81             0.0465              0                     0
6     12     0.62          81             0.0527              0                     0
6     12     0.62          81             0.0589              0                     0
6     12     0.62          81             0.0651              0                     0
6     12     0.62          81             0.0713              0                     0
6     12     0.62          81             0.0775              0.0184202                     0.0184202
6     12     0.62          81             0.0837              0.0184202                     0.0184202
6     12     0.62          81             0.0899              0                     0
6     12     0.62          81             0.0961              0                     0
6     12     0.62          81             0.1023              0.0184202                     0.0184202
6     12     0.62          81             0.1085              0.0552607                     0.0319048
6     12     0.62          81             0.1147              0.0184202                     0.0184202
6     12     0.62          81             0.1209              0.0736809                     0.0368404
6     12     0.62          81             0.1271              0                     0
6     12     0.62          81             0.1333              0.110521                     0.0451201
6     12     0.62          81             0.1395              0.0368404                     0.0260501
6     12     0.62          81             0.1457              0.0921011                     0.0411889
6     12     0.62          81             0.1519              0.128942                     0.0487353
6     12     0.62          81             0.1581              0.257883                     0.0689221
6     12     0.62          81             0.1643              0.202622                     0.0610929
6     12     0.62          81             0.1705              0.276303                     0.0713412
6     12     0.62          81             0.1767              0.276303                     0.0713412
6     12     0.62          81             0.1829              0.368404                     0.0823777
6     12     0.62          81             0.1891              0.626287                     0.107407
6     12     0.62          81             0.1953              0.515766                     0.0974706
6     12     0.62          81             0.2015              0.368404                     0.0823777
6     12     0.62          81             0.2077              0.589447                     0.1042
6     12     0.62          81             0.2139              0.792069                     0.120789
6     12     0.62          81             0.2201              0.626287                     0.107407
6     12     0.62          81             0.2263              0.607867                     0.105816
6     12     0.62          81             0.2325              0.515766                     0.0974706
6     12     0.62          81             0.2387              0.902591                     0.128942
6     12     0.62          81             0.2449              0.626287                     0.107407
6     12     0.62          81             0.2511              0.681548                     0.112046
6     12     0.62          81             0.2573              0.589447                     0.1042
6     12     0.62          81             0.2635              0.755229                     0.117947
6     12     0.62          81             0.2697              0.663128                     0.110521
6     12     0.62          81             0.2759              0.755229                     0.117947
6     12     0.62          81             0.2821              0.644708                     0.108975
6     12     0.62          81             0.2883              0.699968                     0.11355
6     12     0.62          81             0.2945              0.552607                     0.100892
6     12     0.62          81             0.3007              0.571027                     0.102559
6     12     0.62          81             0.3069              0.718388                     0.115034
6     12     0.62          81             0.3131              0.442085                     0.0902403
6     12     0.62          81             0.3193              0.534186                     0.0991959
6     12     0.62          81             0.3255              0.681548                     0.112046
6     12     0.62          81             0.3317              0.423665                     0.0883403
6     12     0.62          81             0.3379              0.405245                     0.0863985
6     12     0.62          81             0.3441              0.497346                     0.0957143
6     12     0.62          81             0.3503              0.423665                     0.0883403
6     12     0.62          81             0.3565              0.478926                     0.093925
6     12     0.62          81             0.3627              0.442085                     0.0902403
6     12     0.62          81             0.3689              0.368404                     0.0823777
6     12     0.62          81             0.3751              0.626287                     0.107407
6     12     0.62          81             0.3813              0.313144                     0.0759485
6     12     0.62          81             0.3875              0.81049                     0.122186
6     12     0.62          81             0.3937              0.571027                     0.102559
6     12     0.62          81             0.3999              0.718388                     0.115034
6     12     0.62          81             0.4061              0.534186                     0.0991959
6     12     0.62          81             0.4123              0.497346                     0.0957143
6     12     0.62          81             0.4185              0.681548                     0.112046
6     12     0.62          81             0.4247              0.88417                     0.127619
6     12     0.62          81             0.4309              0.84733                     0.124932
6     12     0.62          81             0.4371              0.644708                     0.108975
6     12     0.62          81             0.4433              0.699968                     0.11355
6     12     0.62          81             0.4495              1.14205                     0.145041
6     12     0.62          81             0.4557              0.976272                     0.134101
6     12     0.62          81             0.4619              0.718388                     0.115034
6     12     0.62          81             0.4681              1.03153                     0.137844
6     12     0.62          81             0.4743              0.86575                     0.126283
6     12     0.62          81             0.4805              0.84733                     0.124932
6     12     0.62          81             0.4867              0.86575                     0.126283
6     12     0.62          81             0.4929              1.04995                     0.13907
6     12     0.62          81             0.4991              0.792069                     0.120789
6     12     0.62          81             0.5053              0.939431                     0.131547
6     12     0.62          81             0.5115              0.86575                     0.126283
6     12     0.62          81             0.5177              0.626287                     0.107407
6     12     0.62          81             0.5239              0.534186                     0.0991959
6     12     0.62          81             0.5301              0.82891                     0.123567
6     12     0.62          81             0.5363              0.589447                     0.1042
6     12     0.62          81             0.5425              0.681548                     0.112046
6     12     0.62          81             0.5487              0.773649                     0.119377
6     12     0.62          81             0.5549              0.86575                     0.126283
6     12     0.62          81             0.5611              0.699968                     0.11355
6     12     0.62          81             0.5673              0.571027                     0.102559
6     12     0.62          81             0.5735              0.699968                     0.11355
6     12     0.62          81             0.5797              0.497346                     0.0957143
6     12     0.62          81             0.5859              0.552607                     0.100892
6     12     0.62          81             0.5921              0.478926                     0.093925
6     12     0.62          81             0.5983              0.276303                     0.0713412
6     12     0.62          81             0.6045              0                     0
6     12     0.62          81             0.6107              0                     0
*******************************************************************************************************
 Average angle 81.3128 +- 1.62626 deg 
 Average E' 0.229604 +- 0.00459208 GeV 
