*******************************************************************************************************
Z     A     E(GeV)     Theta(deg)     Energy Loss(GeV)     Sigma(nb/sr/GeV)     ERROR     Citation     
*******************************************************************************************************
6     12     1          98.4             0.005              0                     0
6     12     1          98.4             0.015              0                     0
6     12     1          98.4             0.025              0                     0
6     12     1          98.4             0.035              0                     0
6     12     1          98.4             0.045              0                     0
6     12     1          98.4             0.055              0                     0
6     12     1          98.4             0.065              0                     0
6     12     1          98.4             0.075              0                     0
6     12     1          98.4             0.085              0                     0
6     12     1          98.4             0.095              0                     0
6     12     1          98.4             0.105              0                     0
6     12     1          98.4             0.115              0                     0
6     12     1          98.4             0.125              0                     0
6     12     1          98.4             0.135              0                     0
6     12     1          98.4             0.145              0                     0
6     12     1          98.4             0.155              0                     0
6     12     1          98.4             0.165              0                     0
6     12     1          98.4             0.175              0                     0
6     12     1          98.4             0.185              0                     0
6     12     1          98.4             0.195              0                     0
6     12     1          98.4             0.205              0                     0
6     12     1          98.4             0.215              0                     0
6     12     1          98.4             0.225              0                     0
6     12     1          98.4             0.235              0                     0
6     12     1          98.4             0.245              0                     0
6     12     1          98.4             0.255              0                     0
6     12     1          98.4             0.265              0                     0
6     12     1          98.4             0.275              0                     0
6     12     1          98.4             0.285              0                     0
6     12     1          98.4             0.295              0                     0
6     12     1          98.4             0.305              0                     0
6     12     1          98.4             0.315              0                     0
6     12     1          98.4             0.325              0                     0
6     12     1          98.4             0.335              0                     0
6     12     1          98.4             0.345              0                     0
6     12     1          98.4             0.355              0                     0
6     12     1          98.4             0.365              0                     0
6     12     1          98.4             0.375              0                     0
6     12     1          98.4             0.385              0                     0
6     12     1          98.4             0.395              0                     0
6     12     1          98.4             0.405              0                     0
6     12     1          98.4             0.415              0                     0
6     12     1          98.4             0.425              0                     0
6     12     1          98.4             0.435              0                     0
6     12     1          98.4             0.445              0.0124503                     0.0124503
6     12     1          98.4             0.455              0                     0
6     12     1          98.4             0.465              0                     0
6     12     1          98.4             0.475              0                     0
6     12     1          98.4             0.485              0.0124503                     0.0124503
6     12     1          98.4             0.495              0.0498014                     0.0249007
6     12     1          98.4             0.505              0.0249007                     0.0176074
6     12     1          98.4             0.515              0.0622517                     0.0278398
6     12     1          98.4             0.525              0.0124503                     0.0124503
6     12     1          98.4             0.535              0.037351                     0.0215646
6     12     1          98.4             0.545              0.0249007                     0.0176074
6     12     1          98.4             0.555              0.0249007                     0.0176074
6     12     1          98.4             0.565              0.0747021                     0.030497
6     12     1          98.4             0.575              0.0124503                     0.0124503
6     12     1          98.4             0.585              0.0498014                     0.0249007
6     12     1          98.4             0.595              0.0124503                     0.0124503
6     12     1          98.4             0.605              0.0498014                     0.0249007
6     12     1          98.4             0.615              0.037351                     0.0215646
6     12     1          98.4             0.625              0.0249007                     0.0176074
6     12     1          98.4             0.635              0.0249007                     0.0176074
6     12     1          98.4             0.645              0.0249007                     0.0176074
6     12     1          98.4             0.655              0.0622517                     0.0278398
6     12     1          98.4             0.665              0.0498014                     0.0249007
6     12     1          98.4             0.675              0.0622517                     0.0278398
6     12     1          98.4             0.685              0.0996028                     0.0352149
6     12     1          98.4             0.695              0.112053                     0.037351
6     12     1          98.4             0.705              0.0498014                     0.0249007
6     12     1          98.4             0.715              0.0622517                     0.0278398
6     12     1          98.4             0.725              0.136954                     0.0412931
6     12     1          98.4             0.735              0.112053                     0.037351
6     12     1          98.4             0.745              0.0622517                     0.0278398
6     12     1          98.4             0.755              0.112053                     0.037351
6     12     1          98.4             0.765              0.0871524                     0.0329405
6     12     1          98.4             0.775              0.0996028                     0.0352149
6     12     1          98.4             0.785              0.0996028                     0.0352149
6     12     1          98.4             0.795              0.0498014                     0.0249007
6     12     1          98.4             0.805              0.0996028                     0.0352149
6     12     1          98.4             0.815              0.136954                     0.0412931
6     12     1          98.4             0.825              0.149404                     0.0431293
6     12     1          98.4             0.835              0.149404                     0.0431293
6     12     1          98.4             0.845              0.174305                     0.0465849
6     12     1          98.4             0.855              0.136954                     0.0412931
6     12     1          98.4             0.865              0.261457                     0.0570546
6     12     1          98.4             0.875              0.186755                     0.04822
6     12     1          98.4             0.885              0.311259                     0.0622517
6     12     1          98.4             0.895              0.249007                     0.0556796
6     12     1          98.4             0.905              0.236557                     0.0542698
6     12     1          98.4             0.915              0.311259                     0.0622517
6     12     1          98.4             0.925              0.398411                     0.0704298
6     12     1          98.4             0.935              0.261457                     0.0570546
6     12     1          98.4             0.945              0.37351                     0.0681933
6     12     1          98.4             0.955              0.36106                     0.0670472
6     12     1          98.4             0.965              0.385961                     0.0693206
6     12     1          98.4             0.975              0.336159                     0.0646939
6     12     1          98.4             0.985              0.410861                     0.0715218
*******************************************************************************************************
 Average angle 98.6495 +- 4.21795 deg 
 Average E' 0.149046 +- 0.00637275 GeV 
