*******************************************************************************************************
Z     A     E(GeV)     Theta(deg)     Energy Loss(GeV)     Sigma(nb/sr/GeV)     ERROR     Citation     
*******************************************************************************************************
6     12     0.62          81             0.0031              0                     0
6     12     0.62          81             0.0093              0                     0
6     12     0.62          81             0.0155              0                     0
6     12     0.62          81             0.0217              0                     0
6     12     0.62          81             0.0279              0                     0
6     12     0.62          81             0.0341              0                     0
6     12     0.62          81             0.0403              0                     0
6     12     0.62          81             0.0465              0                     0
6     12     0.62          81             0.0527              0                     0
6     12     0.62          81             0.0589              0                     0
6     12     0.62          81             0.0651              0                     0
6     12     0.62          81             0.0713              0                     0
6     12     0.62          81             0.0775              0                     0
6     12     0.62          81             0.0837              0                     0
6     12     0.62          81             0.0899              0                     0
6     12     0.62          81             0.0961              0                     0
6     12     0.62          81             0.1023              0                     0
6     12     0.62          81             0.1085              0                     0
6     12     0.62          81             0.1147              0                     0
6     12     0.62          81             0.1209              0                     0
6     12     0.62          81             0.1271              0                     0
6     12     0.62          81             0.1333              0                     0
6     12     0.62          81             0.1395              0                     0
6     12     0.62          81             0.1457              0                     0
6     12     0.62          81             0.1519              0                     0
6     12     0.62          81             0.1581              0                     0
6     12     0.62          81             0.1643              0                     0
6     12     0.62          81             0.1705              0                     0
6     12     0.62          81             0.1767              0                     0
6     12     0.62          81             0.1829              0                     0
6     12     0.62          81             0.1891              0                     0
6     12     0.62          81             0.1953              0                     0
6     12     0.62          81             0.2015              0                     0
6     12     0.62          81             0.2077              0                     0
6     12     0.62          81             0.2139              0                     0
6     12     0.62          81             0.2201              0                     0
6     12     0.62          81             0.2263              0                     0
6     12     0.62          81             0.2325              0                     0
6     12     0.62          81             0.2387              0                     0
6     12     0.62          81             0.2449              0                     0
6     12     0.62          81             0.2511              0                     0
6     12     0.62          81             0.2573              0                     0
6     12     0.62          81             0.2635              0                     0
6     12     0.62          81             0.2697              0                     0
6     12     0.62          81             0.2759              0                     0
6     12     0.62          81             0.2821              0                     0
6     12     0.62          81             0.2883              0                     0
6     12     0.62          81             0.2945              0                     0
6     12     0.62          81             0.3007              0                     0
6     12     0.62          81             0.3069              0.0245581                     0.0245581
6     12     0.62          81             0.3131              0.0245581                     0.0245581
6     12     0.62          81             0.3193              0                     0
6     12     0.62          81             0.3255              0                     0
6     12     0.62          81             0.3317              0                     0
6     12     0.62          81             0.3379              0                     0
6     12     0.62          81             0.3441              0.122791                     0.0549136
6     12     0.62          81             0.3503              0                     0
6     12     0.62          81             0.3565              0.122791                     0.0549136
6     12     0.62          81             0.3627              0.171907                     0.0649746
6     12     0.62          81             0.3689              0.147349                     0.0601548
6     12     0.62          81             0.3751              0.147349                     0.0601548
6     12     0.62          81             0.3813              0.122791                     0.0549136
6     12     0.62          81             0.3875              0.39293                     0.0982324
6     12     0.62          81             0.3937              0.270139                     0.08145
6     12     0.62          81             0.3999              0.466604                     0.107046
6     12     0.62          81             0.4061              0.466604                     0.107046
6     12     0.62          81             0.4123              0.245581                     0.0776596
6     12     0.62          81             0.4185              0.51572                     0.112539
6     12     0.62          81             0.4247              0.736743                     0.13451
6     12     0.62          81             0.4309              0.613953                     0.122791
6     12     0.62          81             0.4371              0.712185                     0.132249
6     12     0.62          81             0.4433              0.712185                     0.132249
6     12     0.62          81             0.4495              0.859534                     0.145288
6     12     0.62          81             0.4557              0.90865                     0.149381
6     12     0.62          81             0.4619              0.663069                     0.127608
6     12     0.62          81             0.4681              1.056                     0.161038
6     12     0.62          81             0.4743              0.834976                     0.143197
6     12     0.62          81             0.4805              0.933208                     0.151386
6     12     0.62          81             0.4867              0.90865                     0.149381
6     12     0.62          81             0.4929              0.982324                     0.155319
6     12     0.62          81             0.4991              0.810418                     0.141076
6     12     0.62          81             0.5053              0.834976                     0.143197
6     12     0.62          81             0.5115              0.834976                     0.143197
6     12     0.62          81             0.5177              0.613953                     0.122791
6     12     0.62          81             0.5239              0.589395                     0.12031
6     12     0.62          81             0.5301              0.810418                     0.141076
6     12     0.62          81             0.5363              0.638511                     0.125222
6     12     0.62          81             0.5425              0.687627                     0.129949
6     12     0.62          81             0.5487              0.613953                     0.122791
6     12     0.62          81             0.5549              0.834976                     0.143197
6     12     0.62          81             0.5611              0.613953                     0.122791
6     12     0.62          81             0.5673              0.442046                     0.104191
6     12     0.62          81             0.5735              0.638511                     0.125222
6     12     0.62          81             0.5797              0.491162                     0.109827
6     12     0.62          81             0.5859              0.51572                     0.112539
6     12     0.62          81             0.5921              0.39293                     0.0982324
6     12     0.62          81             0.5983              0.343814                     0.091888
6     12     0.62          81             0.6045              0                     0
6     12     0.62          81             0.6107              0                     0
*******************************************************************************************************
 Average angle 80.9737 +- 2.59723 deg 
 Average E' 0.131549 +- 0.00421945 GeV 
