*******************************************************************************************************
Z     A     E(GeV)     Theta(deg)     Energy Loss(GeV)     Sigma(nb/sr/GeV)     ERROR     Citation     
*******************************************************************************************************
6     12     0.62          86.5             0.0031              0                     0
6     12     0.62          86.5             0.0093              0                     0
6     12     0.62          86.5             0.0155              0                     0
6     12     0.62          86.5             0.0217              0                     0
6     12     0.62          86.5             0.0279              0                     0
6     12     0.62          86.5             0.0341              0                     0
6     12     0.62          86.5             0.0403              0                     0
6     12     0.62          86.5             0.0465              0                     0
6     12     0.62          86.5             0.0527              0                     0
6     12     0.62          86.5             0.0589              0                     0
6     12     0.62          86.5             0.0651              0                     0
6     12     0.62          86.5             0.0713              0                     0
6     12     0.62          86.5             0.0775              0                     0
6     12     0.62          86.5             0.0837              0                     0
6     12     0.62          86.5             0.0899              0                     0
6     12     0.62          86.5             0.0961              0                     0
6     12     0.62          86.5             0.1023              0                     0
6     12     0.62          86.5             0.1085              0                     0
6     12     0.62          86.5             0.1147              0                     0
6     12     0.62          86.5             0.1209              0                     0
6     12     0.62          86.5             0.1271              0                     0
6     12     0.62          86.5             0.1333              0                     0
6     12     0.62          86.5             0.1395              0                     0
6     12     0.62          86.5             0.1457              0                     0
6     12     0.62          86.5             0.1519              0                     0
6     12     0.62          86.5             0.1581              0                     0
6     12     0.62          86.5             0.1643              0                     0
6     12     0.62          86.5             0.1705              0                     0
6     12     0.62          86.5             0.1767              0                     0
6     12     0.62          86.5             0.1829              0                     0
6     12     0.62          86.5             0.1891              0                     0
6     12     0.62          86.5             0.1953              0                     0
6     12     0.62          86.5             0.2015              0                     0
6     12     0.62          86.5             0.2077              0                     0
6     12     0.62          86.5             0.2139              0                     0
6     12     0.62          86.5             0.2201              0                     0
6     12     0.62          86.5             0.2263              0                     0
6     12     0.62          86.5             0.2325              0                     0
6     12     0.62          86.5             0.2387              0                     0
6     12     0.62          86.5             0.2449              0                     0
6     12     0.62          86.5             0.2511              0                     0
6     12     0.62          86.5             0.2573              0                     0
6     12     0.62          86.5             0.2635              0                     0
6     12     0.62          86.5             0.2697              0                     0
6     12     0.62          86.5             0.2759              0                     0
6     12     0.62          86.5             0.2821              0                     0
6     12     0.62          86.5             0.2883              0                     0
6     12     0.62          86.5             0.2945              0.0243011                     0.0243011
6     12     0.62          86.5             0.3007              0                     0
6     12     0.62          86.5             0.3069              0                     0
6     12     0.62          86.5             0.3131              0                     0
6     12     0.62          86.5             0.3193              0                     0
6     12     0.62          86.5             0.3255              0.0486022                     0.0343669
6     12     0.62          86.5             0.3317              0                     0
6     12     0.62          86.5             0.3379              0.0243011                     0.0243011
6     12     0.62          86.5             0.3441              0                     0
6     12     0.62          86.5             0.3503              0.0486022                     0.0343669
6     12     0.62          86.5             0.3565              0.0729032                     0.0420907
6     12     0.62          86.5             0.3627              0.0729032                     0.0420907
6     12     0.62          86.5             0.3689              0.0486022                     0.0343669
6     12     0.62          86.5             0.3751              0.0243011                     0.0243011
6     12     0.62          86.5             0.3813              0.121505                     0.0543389
6     12     0.62          86.5             0.3875              0.170108                     0.0642946
6     12     0.62          86.5             0.3937              0.243011                     0.0768468
6     12     0.62          86.5             0.3999              0.243011                     0.0768468
6     12     0.62          86.5             0.4061              0.340215                     0.0909263
6     12     0.62          86.5             0.4123              0.291613                     0.0841814
6     12     0.62          86.5             0.4185              0.437419                     0.103101
6     12     0.62          86.5             0.4247              0.631828                     0.123912
6     12     0.62          86.5             0.4309              0.486022                     0.108678
6     12     0.62          86.5             0.4371              0.461721                     0.105926
6     12     0.62          86.5             0.4433              0.534624                     0.113982
6     12     0.62          86.5             0.4495              0.874839                     0.145806
6     12     0.62          86.5             0.4557              0.850538                     0.143767
6     12     0.62          86.5             0.4619              0.558925                     0.116544
6     12     0.62          86.5             0.4681              0.801936                     0.139599
6     12     0.62          86.5             0.4743              0.777635                     0.137468
6     12     0.62          86.5             0.4805              0.777635                     0.137468
6     12     0.62          86.5             0.4867              0.656129                     0.126272
6     12     0.62          86.5             0.4929              0.656129                     0.126272
6     12     0.62          86.5             0.4991              0.583226                     0.119051
6     12     0.62          86.5             0.5053              0.631828                     0.123912
6     12     0.62          86.5             0.5115              0.583226                     0.119051
6     12     0.62          86.5             0.5177              0.729032                     0.133103
6     12     0.62          86.5             0.5239              0.801936                     0.139599
6     12     0.62          86.5             0.5301              0.826237                     0.141698
6     12     0.62          86.5             0.5363              0.68043                     0.128589
6     12     0.62          86.5             0.5425              0.607527                     0.121505
6     12     0.62          86.5             0.5487              0.558925                     0.116544
6     12     0.62          86.5             0.5549              0.486022                     0.108678
6     12     0.62          86.5             0.5611              0.558925                     0.116544
6     12     0.62          86.5             0.5673              0.558925                     0.116544
6     12     0.62          86.5             0.5735              0.656129                     0.126272
6     12     0.62          86.5             0.5797              0.510323                     0.111362
6     12     0.62          86.5             0.5859              0.631828                     0.123912
6     12     0.62          86.5             0.5921              0.461721                     0.105926
6     12     0.62          86.5             0.5983              0.340215                     0.0909263
6     12     0.62          86.5             0.6045              0.121505                     0.0543389
6     12     0.62          86.5             0.6107              0                     0
*******************************************************************************************************
 Average angle 86.4773 +- 2.96964 deg 
 Average E' 0.12366 +- 0.00424649 GeV 
